strand_index,shape_index,length,start_index,end_index,x1,y1,z1,x2,y2,z2
0,0,82,0,81,0.967709170482,0.252069358243,0.0,0.441505852792,0.897258369674,0.0
0,0,44,82,125,0.441505852792,0.897258369674,0.0,0.556004582248,0.737843001669,0.382683432365
0,0,43,126,168,0.556004582248,0.737843001669,0.382683432365,0.894046696032,0.232881720854,0.382683432365
0,1,43,169,211,0.887447443865,0.231162744421,0.398749068925,0.53903438719,0.74191718504,0.398749068925
0,1,43,212,254,0.53903438719,0.74191718504,0.398749068925,0.354652911406,0.597303577823,0.719339800339
0,1,43,255,297,0.354652911406,0.597303577823,0.719339800339,0.404508497187,0.293892626146,0.866025403784
0,2,43,298,340,0.392219221816,0.28496394495,0.874619707139,0.348189432757,0.586417839125,0.731353701619
0,2,48,341,388,0.348189432757,0.586417839125,0.731353701619,0.0629965891566,0.679082611236,0.731353701619
0,2,49,389,437,0.0629965891566,0.679082611236,0.731353701619,-0.154508497187,0.475528258148,0.866025403784
0,2,43,438,480,-0.154508497187,0.475528258148,0.866025403784,-0.0536602379413,0.165149230913,0.984807753012
0,2,60,481,540,-0.0536602379413,0.165149230913,0.984807753012,0.140484326775,0.10206783792,0.984807753012
1,3,31,695,725,0.227481926109,0.969874141216,0.0871557427477,0.109391002886,0.917380509429,0.382683432365
1,3,31,726,756,0.109391002886,0.917380509429,0.382683432365,0.148792145415,0.751455245704,0.642787609687
1,3,36,757,792,0.148792145415,0.751455245704,0.642787609687,0.321318936913,0.695397893019,0.642787609687
1,3,30,793,822,0.321318936913,0.695397893019,0.642787609687,0.450723553816,0.806474840667,0.382683432365
1,3,31,823,853,0.450723553816,0.806474840667,0.382683432365,0.386040972651,0.918355183979,0.0871557427477
1,3,35,854,888,0.386040972651,0.918355183979,0.0871557427477,0.227481926109,0.969874141216,0.0871557427477
1,4,43,889,931,0.187381314586,0.982287250729,0.0,5.65713056144e-17,0.923879532511,0.382683432365
1,4,44,932,975,5.65713056144e-17,0.923879532511,0.382683432365,0.0653158687656,0.704083686281,0.707106781187
1,4,48,976,1023,0.0653158687656,0.704083686281,0.707106781187,0.361008359342,0.608007372065,0.707106781187
1,4,43,1024,1066,0.361008359342,0.608007372065,0.707106781187,0.543042764105,0.747434242557,0.382683432365
1,4,44,1067,1110,0.543042764105,0.747434242557,0.382683432365,0.425779291565,0.904827052466,0.0
1,4,48,1111,1158,0.425779291565,0.904827052466,0.0,0.187381314586,0.982287250729,0.0
1,5,43,1159,1201,0.170209499166,0.985407898483,0.0,-0.0161239211005,0.923738821184,0.382683432365
1,5,53,1202,1254,-0.0161239211005,0.923738821184,0.382683432365,-0.529915529875,0.756797807733,0.382683432365
1,5,40,1255,1294,-0.529915529875,0.756797807733,0.382683432365,-0.71691060765,0.697165102855,0.0
1,5,95,1295,1389,-0.71691060765,0.697165102855,0.0,0.170209499166,0.985407898483,0.0
2,6,28,1390,1417,-0.62772191455,0.677878004206,0.382683432365,-0.754114460922,0.650934141319,0.0871557427477
2,6,25,1418,1442,-0.754114460922,0.650934141319,0.0871557427477,-0.852109340909,0.516055760206,0.0871557427477
2,6,32,1443,1474,-0.852109340909,0.516055760206,0.0871557427477,-0.838677032491,0.387523193841,0.382683432365
2,6,28,1475,1502,-0.838677032491,0.387523193841,0.382683432365,-0.668697106568,0.373722180905,0.642787609687
2,6,33,1503,1535,-0.668697106568,0.373722180905,0.642787609687,-0.562069685453,0.520482235555,0.642787609687
2,6,32,1536,1567,-0.562069685453,0.520482235555,0.642787609687,-0.62772191455,0.677878004206,0.382683432365
2,7,39,1568,1606,-0.543042764105,0.747434242557,0.382683432365,-0.728968627421,0.684547105929,0.0
2,7,43,1607,1649,-0.728968627421,0.684547105929,0.0,-0.876306680044,0.481753674102,0.0
2,7,43,1650,1692,-0.876306680044,0.481753674102,0.0,-0.878661649667,0.285494476301,0.382683432365
2,7,42,1693,1734,-0.878661649667,0.285494476301,0.382683432365,-0.649439664404,0.27969290713,0.707106781187
2,7,41,1735,1775,-0.649439664404,0.27969290713,0.707106781187,-0.46669165501,0.531223963263,0.707106781187
2,7,40,1776,1815,-0.46669165501,0.531223963263,0.707106781187,-0.543042764105,0.747434242557,0.382683432365
2,8,45,1816,1860,-0.526004049386,0.751211634668,0.398749068925,-0.457349439094,0.539287947724,0.707106781187
2,8,55,1861,1915,-0.457349439094,0.539287947724,0.707106781187,-0.159155517897,0.489830317283,0.857167300702
2,8,49,1916,1964,-0.159155517897,0.489830317283,0.857167300702,0.0530179661836,0.705116370014,0.707106781187
2,8,44,1965,2008,0.0530179661836,0.705116370014,0.707106781187,-0.0160049051456,0.916920401694,0.398749068925
2,8,53,2009,2061,-0.0160049051456,0.916920401694,0.398749068925,-0.526004049386,0.751211634668,0.398749068925
3,9,32,2085,2116,-0.62772191455,-0.677878004206,0.382683432365,-0.562069685453,-0.520482235555,0.642787609687
3,9,32,2117,2148,-0.562069685453,-0.520482235555,0.642787609687,-0.668697106568,-0.373722180905,0.642787609687
3,9,26,2149,2174,-0.668697106568,-0.373722180905,0.642787609687,-0.838677032491,-0.387523193841,0.382683432365
3,9,26,2175,2200,-0.838677032491,-0.387523193841,0.382683432365,-0.852109340909,-0.516055760206,0.0871557427477
3,9,28,2201,2228,-0.852109340909,-0.516055760206,0.0871557427477,-0.754114460922,-0.650934141319,0.0871557427477
3,9,28,2229,2256,-0.754114460922,-0.650934141319,0.0871557427477,-0.62772191455,-0.677878004206,0.382683432365
3,10,45,2257,2301,-0.543042764105,-0.747434242557,0.382683432365,-0.46669165501,-0.531223963263,0.707106781187
3,10,41,2302,2342,-0.46669165501,-0.531223963263,0.707106781187,-0.649439664404,-0.27969290713,0.707106781187
3,10,41,2343,2383,-0.649439664404,-0.27969290713,0.707106781187,-0.878661649667,-0.285494476301,0.382683432365
3,10,44,2384,2427,-0.878661649667,-0.285494476301,0.382683432365,-0.876306680044,-0.481753674102,0.0
3,10,38,2428,2465,-0.876306680044,-0.481753674102,0.0,-0.728968627421,-0.684547105929,0.0
3,10,40,2466,2505,-0.728968627421,-0.684547105929,0.0,-0.543042764105,-0.747434242557,0.382683432365
3,11,53,2506,2558,-0.526004049386,-0.751211634668,0.398749068925,-0.0160049051456,-0.916920401694,0.398749068925
3,11,44,2559,2602,-0.0160049051456,-0.916920401694,0.398749068925,0.0530179661836,-0.705116370014,0.707106781187
3,11,60,2603,2662,0.0530179661836,-0.705116370014,0.707106781187,-0.159155517897,-0.489830317283,0.857167300702
3,11,55,2663,2717,-0.159155517897,-0.489830317283,0.857167300702,-0.457349439094,-0.539287947724,0.707106781187
3,11,45,2718,2762,-0.457349439094,-0.539287947724,0.707106781187,-0.526004049386,-0.751211634668,0.398749068925
4,12,31,2780,2810,0.109391002886,-0.917380509429,0.382683432365,0.227481926109,-0.969874141216,0.0871557427477
4,12,35,2811,2845,0.227481926109,-0.969874141216,0.0871557427477,0.386040972651,-0.918355183979,0.0871557427477
4,12,30,2846,2875,0.386040972651,-0.918355183979,0.0871557427477,0.450723553816,-0.806474840667,0.382683432365
4,12,31,2876,2906,0.450723553816,-0.806474840667,0.382683432365,0.321318936913,-0.695397893019,0.642787609687
4,12,35,2907,2941,0.321318936913,-0.695397893019,0.642787609687,0.148792145415,-0.751455245704,0.642787609687
4,12,30,2942,2971,0.148792145415,-0.751455245704,0.642787609687,0.109391002886,-0.917380509429,0.382683432365
4,13,42,2972,3013,-1.69713916843e-16,-0.923879532511,0.382683432365,0.187381314586,-0.982287250729,0.0
4,13,47,3014,3060,0.187381314586,-0.982287250729,0.0,0.425779291565,-0.904827052466,0.0
4,13,44,3061,3104,0.425779291565,-0.904827052466,0.0,0.543042764105,-0.747434242557,0.382683432365
4,13,46,3105,3150,0.543042764105,-0.747434242557,0.382683432365,0.361008359342,-0.608007372065,0.707106781187
4,13,50,3151,3200,0.361008359342,-0.608007372065,0.707106781187,0.0653158687656,-0.704083686281,0.707106781187
4,13,44,3201,3244,0.0653158687656,-0.704083686281,0.707106781187,-1.69713916843e-16,-0.923879532511,0.382683432365
4,14,53,3245,3297,-0.0162380255528,-0.93027586088,0.366501226724,-0.533665592962,-0.762153452855,0.366501226724
4,14,40,3298,3337,-0.533665592962,-0.762153452855,0.366501226724,-0.716801418693,-0.697058921233,0.0174524064373
4,14,95,3338,3432,-0.716801418693,-0.697058921233,0.0174524064373,0.170183575435,-0.985257816088,0.0174524064373
4,14,42,3433,3474,0.170183575435,-0.985257816088,0.0174524064373,-0.0162380255528,-0.93027586088,0.366501226724
5,15,81,3475,3555,0.967709170482,-0.252069358243,0.0,0.441505852792,-0.897258369674,0.0
5,15,44,3556,3599,0.441505852792,-0.897258369674,0.0,0.556004582248,-0.737843001669,0.382683432365
5,15,38,3600,3637,0.556004582248,-0.737843001669,0.382683432365,0.878661649667,-0.285494476301,0.382683432365
5,16,38,3638,3675,0.872175959578,-0.283387147848,0.398749068925,0.53903438719,-0.74191718504,0.398749068925
5,16,46,3676,3721,0.53903438719,-0.74191718504,0.398749068925,0.371564567794,-0.601614304983,0.707106781187
5,16,43,3722,3764,0.371564567794,-0.601614304983,0.707106781187,0.672498511964,-0.218508012224,0.707106781187
5,17,43,3765,3807,0.660659369824,-0.214661241757,0.719339800339,0.365023280856,-0.591023058841,0.719339800339
5,17,50,3808,3857,0.365023280856,-0.591023058841,0.719339800339,0.0762278577259,-0.690463297616,0.719339800339
5,17,60,3858,3917,0.0762278577259,-0.690463297616,0.719339800339,-0.146185852361,-0.478152377982,0.866025403784
5,17,43,3918,3960,-0.146185852361,-0.478152377982,0.866025403784,-0.0536602379413,-0.165149230913,0.984807753012
5,17,60,3961,4020,-0.0536602379413,-0.165149230913,0.984807753012,0.140484326775,-0.10206783792,0.984807753012
6,18,38,4170,4207,-0.499923847578,-0.00872620321864,0.866025403784,-0.638006466618,-0.274768994253,0.719339800339
6,18,41,4208,4248,-0.638006466618,-0.274768994253,0.719339800339,-0.458475683166,-0.521871918764,0.719339800339
6,18,55,4249,4303,-0.458475683166,-0.521871918764,0.719339800339,-0.159155517897,-0.489830317283,0.857167300702
6,18,43,4304,4346,-0.159155517897,-0.489830317283,0.857167300702,-0.058963222251,-0.181470138421,0.981627183448
6,18,45,4347,4391,-0.058963222251,-0.181470138421,0.981627183448,-0.190779934242,-0.0033300761392,0.981627183448
6,18,62,4392,4453,-0.190779934242,-0.0033300761392,0.981627183448,-0.499923847578,-0.00872620321864,0.866025403784
6,19,62,4454,4515,-0.499923847578,0.00872620321864,0.866025403784,-0.190779934242,0.0033300761392,0.981627183448
6,19,45,4516,4560,-0.190779934242,0.0033300761392,0.981627183448,-0.0557871512547,0.182471549759,0.981627183448
6,19,44,4561,4604,-0.0557871512547,0.182471549759,0.981627183448,-0.146185852361,0.478152377982,0.866025403784
6,19,41,4605,4645,-0.146185852361,0.478152377982,0.866025403784,-0.458475683166,0.521871918764,0.719339800339
6,19,42,4646,4687,-0.458475683166,0.521871918764,0.719339800339,-0.638006466618,0.274768994253,0.719339800339
6,19,38,4688,4725,-0.638006466618,0.274768994253,0.719339800339,-0.499923847578,0.00872620321864,0.866025403784
7,20,43,4865,4907,-0.884580975215,0.46638664034,0.0,-0.883510390877,0.270116233879,0.382683432365
7,20,29,4908,4936,-0.883510390877,0.270116233879,0.382683432365,-0.883510390877,-0.270116233879,0.382683432365
7,20,44,4937,4980,-0.883510390877,-0.270116233879,0.382683432365,-0.884580975215,-0.46638664034,0.0
7,21,29,4981,5009,-0.876988910638,0.268122417281,0.398749068925,-0.876988910638,-0.268122417281,0.398749068925
7,21,41,5010,5050,-0.876988910638,-0.268122417281,0.398749068925,-0.65422206589,-0.268316023566,0.707106781187
7,21,38,5051,5088,-0.65422206589,-0.268316023566,0.707106781187,-0.51503807491,6.30739729878e-17,0.857167300702
7,21,38,5089,5126,-0.51503807491,6.30739729878e-17,0.857167300702,-0.65422206589,0.268316023566,0.707106781187
7,21,42,5127,5168,-0.65422206589,0.268316023566,0.707106781187,-0.876988910638,0.268122417281,0.398749068925
